const int8_t weights_2[1000] = {
	-4,
	-16,
	22,
	30,
	-83,
	-45,
	-53,
	41,
	2,
	-2,
	15,
	13,
	20,
	19,
	-42,
	19,
	14,
	-46,
	26,
	-21,
	20,
	-42,
	11,
	-39,
	6,
	-27,
	-13,
	-15,
	-11,
	31,
	25,
	17,
	-9,
	-18,
	5,
	-34,
	30,
	-19,
	25,
	-8,
	2,
	-40,
	22,
	34,
	-65,
	-4,
	40,
	-44,
	-1,
	-31,
	-47,
	11,
	-34,
	20,
	-3,
	-1,
	-15,
	-47,
	35,
	24,
	-36,
	2,
	-3,
	27,
	-35,
	31,
	35,
	22,
	-27,
	-80,
	-53,
	-51,
	-13,
	18,
	7,
	16,
	-48,
	-31,
	9,
	1,
	26,
	-26,
	-27,
	-1,
	-5,
	2,
	16,
	23,
	-40,
	12,
	28,
	-42,
	26,
	1,
	-91,
	46,
	-1,
	11,
	-26,
	-48,
	16,
	35,
	11,
	-34,
	-18,
	-103,
	-31,
	27,
	8,
	-27,
	-28,
	17,
	-62,
	22,
	34,
	-39,
	6,
	16,
	-1,
	32,
	-40,
	-38,
	-4,
	-47,
	-81,
	57,
	47,
	-26,
	-29,
	10,
	-8,
	17,
	25,
	20,
	-71,
	12,
	0,
	31,
	-25,
	-83,
	6,
	-7,
	35,
	-10,
	11,
	-61,
	-8,
	16,
	-30,
	-2,
	-33,
	67,
	23,
	-26,
	35,
	-19,
	14,
	-40,
	-20,
	-42,
	22,
	5,
	18,
	-5,
	-33,
	13,
	31,
	-26,
	-3,
	-15,
	-57,
	60,
	51,
	-19,
	-33,
	11,
	6,
	55,
	-1,
	-86,
	-7,
	6,
	34,
	-26,
	10,
	-25,
	12,
	-62,
	4,
	15,
	-31,
	-26,
	24,
	13,
	-42,
	-26,
	28,
	4,
	21,
	10,
	21,
	9,
	20,
	19,
	-81,
	-13,
	-38,
	7,
	-7,
	16,
	-54,
	-5,
	-6,
	-36,
	51,
	-62,
	-34,
	16,
	-27,
	-14,
	-47,
	20,
	-44,
	24,
	1,
	25,
	-49,
	11,
	-23,
	19,
	-29,
	21,
	-47,
	-58,
	13,
	26,
	-12,
	-30,
	-2,
	28,
	21,
	-2,
	26,
	-18,
	-1,
	-3,
	-41,
	-26,
	-3,
	0,
	-61,
	34,
	9,
	24,
	24,
	17,
	-16,
	-37,
	-4,
	-2,
	-3,
	27,
	9,
	22,
	-11,
	-22,
	-24,
	-8,
	27,
	6,
	21,
	35,
	-14,
	23,
	-27,
	25,
	-56,
	-50,
	-36,
	13,
	-35,
	1,
	-17,
	54,
	36,
	-68,
	13,
	2,
	10,
	-23,
	4,
	3,
	-25,
	7,
	-63,
	1,
	11,
	-2,
	-3,
	-13,
	28,
	-17,
	24,
	-20,
	18,
	35,
	-58,
	23,
	-50,
	21,
	23,
	-9,
	16,
	19,
	16,
	-6,
	6,
	-20,
	-14,
	-47,
	20,
	-46,
	14,
	-30,
	-48,
	-15,
	13,
	-14,
	24,
	-57,
	25,
	-22,
	17,
	-8,
	-28,
	-8,
	-34,
	4,
	-41,
	-48,
	18,
	-30,
	16,
	24,
	10,
	-7,
	20,
	-2,
	11,
	18,
	35,
	-5,
	-26,
	59,
	-44,
	-19,
	8,
	5,
	-37,
	12,
	-20,
	-28,
	-23,
	-18,
	-4,
	-3,
	5,
	-15,
	8,
	7,
	-33,
	-10,
	-39,
	15,
	11,
	-1,
	-33,
	18,
	-22,
	3,
	18,
	11,
	4,
	-70,
	34,
	6,
	-23,
	30,
	-10,
	19,
	-39,
	10,
	-14,
	37,
	17,
	-27,
	-6,
	27,
	-74,
	13,
	24,
	-39,
	13,
	-23,
	30,
	12,
	27,
	-48,
	1,
	-4,
	2,
	68,
	-27,
	-1,
	52,
	-31,
	40,
	-27,
	-37,
	-56,
	-34,
	10,
	15,
	14,
	27,
	12,
	-41,
	7,
	-62,
	17,
	-1,
	0,
	20,
	-56,
	17,
	-40,
	40,
	14,
	29,
	-23,
	-80,
	2,
	-52,
	43,
	-12,
	20,
	-127,
	-4,
	-95,
	45,
	-21,
	36,
	24,
	28,
	0,
	23,
	-29,
	34,
	-53,
	-21,
	-33,
	10,
	52,
	-24,
	58,
	7,
	-54,
	-18,
	-14,
	-35,
	-6,
	-1,
	-7,
	-12,
	-15,
	-11,
	-9,
	-15,
	3,
	-13,
	-25,
	30,
	32,
	4,
	37,
	-82,
	-68,
	-2,
	-34,
	22,
	-32,
	67,
	-40,
	-50,
	-68,
	62,
	40,
	2,
	-28,
	13,
	-34,
	7,
	18,
	-23,
	26,
	-11,
	22,
	-2,
	-64,
	30,
	-16,
	12,
	-43,
	-39,
	-19,
	21,
	31,
	-24,
	-10,
	5,
	-65,
	10,
	14,
	-7,
	-25,
	11,
	-21,
	33,
	12,
	-45,
	-11,
	-30,
	2,
	1,
	-10,
	16,
	-1,
	-34,
	23,
	7,
	5,
	0,
	10,
	19,
	-18,
	-11,
	-14,
	-28,
	15,
	-3,
	-27,
	38,
	-11,
	-40,
	-1,
	-2,
	-50,
	10,
	22,
	32,
	-3,
	-28,
	14,
	9,
	11,
	-53,
	-6,
	22,
	2,
	18,
	-45,
	18,
	20,
	20,
	26,
	3,
	16,
	32,
	-8,
	-51,
	-45,
	-40,
	4,
	29,
	-17,
	-32,
	-51,
	8,
	6,
	22,
	12,
	-13,
	-1,
	2,
	29,
	24,
	22,
	-35,
	-50,
	-38,
	7,
	-31,
	-4,
	-52,
	-13,
	3,
	10,
	10,
	-14,
	27,
	-16,
	18,
	14,
	3,
	-15,
	-16,
	20,
	-34,
	21,
	-5,
	45,
	7,
	22,
	3,
	-41,
	-28,
	18,
	10,
	-52,
	34,
	19,
	-43,
	-11,
	7,
	6,
	6,
	-17,
	-9,
	-3,
	1,
	-32,
	-46,
	-56,
	7,
	-15,
	21,
	-2,
	10,
	14,
	-9,
	-8,
	2,
	-33,
	10,
	18,
	-16,
	13,
	-11,
	11,
	17,
	15,
	-38,
	8,
	21,
	-15,
	24,
	-41,
	19,
	22,
	20,
	-30,
	-9,
	-58,
	-20,
	31,
	64,
	-3,
	28,
	-9,
	-63,
	-48,
	11,
	-2,
	2,
	16,
	18,
	-24,
	-48,
	23,
	7,
	-27,
	-43,
	-31,
	22,
	9,
	25,
	-6,
	16,
	20,
	18,
	-53,
	22,
	2,
	3,
	23,
	19,
	16,
	3,
	-15,
	8,
	16,
	13,
	26,
	-7,
	-6,
	-40,
	20,
	35,
	2,
	-79,
	-4,
	-6,
	-4,
	-11,
	5,
	-17,
	-51,
	4,
	9,
	11,
	-7,
	14,
	19,
	-57,
	9,
	42,
	-29,
	41,
	-46,
	20,
	-4,
	39,
	-25,
	-63,
	37,
	-32,
	-12,
	29,
	18,
	-31,
	-24,
	22,
	36,
	-38,
	-2,
	-17,
	-15,
	-36,
	14,
	-10,
	-10,
	-65,
	8,
	35,
	9,
	32,
	-28,
	8,
	8,
	-4,
	-38,
	28,
	25,
	16,
	-38,
	17,
	-47,
	37,
	11,
	-67,
	-55,
	-7,
	18,
	15,
	-6,
	-7,
	-3,
	2,
	24,
	-24,
	23,
	-40,
	-60,
	-52,
	18,
	2,
	-9,
	32,
	-23,
	25,
	15,
	33,
	17,
	6,
	-64,
	53,
	2,
	2,
	-52,
	-31,
	13,
	-26,
	-13,
	-10,
	21,
	-18,
	13,
	-24,
	24,
	-19,
	13,
	45,
	-52,
	-22,
	25,
	-31,
	-30,
	29,
	-49,
	38,
	14,
	-57,
	-66,
	-16,
	8,
	21,
	32,
	-35,
	1,
	10,
	11,
	22,
	-7,
	-43,
	27,
	-41,
	19,
	49,
	-67,
	-33,
	-57,
	7,
	48,
	-19,
	-65,
	28,
	2,
	6,
	1,
	-71,
	15,
	-14,
	-15,
	-20,
	-2,
	-19,
	-21,
	-9,
	-21,
	5,
	-20,
	-74,
	-9,
	-64,
	27,
	33,
	-9,
	-27,
	32,
	-8,
	-28,
	4,
	-49,
	21,
	21,
	23,
	-8,
	10,
	23,
	-9,
	10,
	-19,
	11,
	-22,
	-16,
	-12,
	4,
	-19,
	-12,
	11,
	54,
	-6,
	8,
	0,
	12,
	-21,
	-23,
	0,
	-56,
	-11,
	25,
	-16,
	-20,
	3,
	-4,
	-11,
	1,
	19,
	24,
	28,
	22,
	5,
	10,
	21,
	20,
	-22,
	37,
	11,
	-39,
	-50,
	9,
	0,
	-60,
	12,
	-9,
	35,
	13,
	14,
	27,
	20,
	27,
	-1,
	17,
	-25,
	7,
	-39,
	7,
	14,
	2,
	9,
	7,
	-18,
	34,
	-1,
	-62,
	-13,
	-45,
	-33,
	0,
	34,
	16,
	18,
	16,
	13,
	-3,
	-72,
	-59,
	15,
	3,
	23,
	37,
	-55,
	32,
	14,
	-59,
	9,
	-19,
	15,
	19,
	34,
	4,
	-17,
	0,
	-45,
	21,
	16,
	-28,
	24,
	24,
	-7,
	20,
	2,
	-7,
	-22,
	-60,
	13,
	23,
	18,
	16,
	-31
};